"1667" "1687" "1688" "1689" "1733" "1741" "1761" "1762" "1763" "1764" "1765" "1789" "1790" "1791" "1799" "1809" "1810" "1812" "1813" "1815" "1817" "1818" "1820" "1823" "1824" "1825" "1829" "1834" "1836" "1837" "1838" "1840" "1841" "1842" "1844" "1850" "1851" "1854" "1857" "1861" "1863" "1866" "1867" "1868" "1870" "1874" "1875" "1880" "1882" "1883" "1884" "1885" "1886" "1888" "1890" "1892" "1893" "1894" "1899" "1900" "1901" "1902" "1904" "1908" "1909" "1910" "1911" "1912" "1917" "1923" "1924" "1926" "1928" "1929" "1940" "1942" "1943" "1944" "1952"
"55530" 0 0 0 0 0 0 0 -1 1 1 1 0 0 -1 0 0 0 0 1 0 1 0 0 0 0 0 0 1 0 -1 0 0 0 0 1 0 0 0 0 1 1 1 0 1 1 0 0 0 0 1 1 1 1 0 -1 0 0 1 0 0 0 0 0 1 1 -1 1 1 0 0 0 1 0 1 1 -1 1 1 1
"55532" 0 1 1 1 1 1 -1 -1 1 1 0 0 0 0 0 0 1 -1 1 1 1 1 1 1 0 1 1 0 -1 0 1 1 0 0 0 0 0 0 0 1 0 0 -1 1 1 1 0 0 0 0 1 1 0 0 0 1 0 1 1 0 -1 1 1 1 1 0 0 0 0 1 1 1 1 1 1 -1 1 1 1
"55534" 0 1 1 0 1 1 1 1 1 1 -1 1 -1 1 1 -1 1 -1 1 1 1 1 1 1 1 1 1 1 -1 1 1 1 1 1 1 1 1 1 1 1 1 1 -1 1 1 1 -1 1 -1 1 1 1 1 -1 1 1 1 1 -1 1 -1 1 1 1 1 -1 1 1 1 1 1 0 0 1 1 -1 1 1 1
"55535" 0 0 0 0 0 0 1 1 1 1 1 0 0 -1 -1 1 1 0 1 -1 -1 1 0 -1 0 1 0 0 1 0 0 0 0 1 0 0 1 0 0 0 1 1 0 0 1 0 -1 0 1 0 1 0 0 0 1 0 0 0 1 0 -1 1 1 1 1 -1 1 1 1 0 1 1 1 1 1 0 1 1 1
"55536" 1 0 0 0 0 0 0 0 0 0 0 1 -1 1 0 0 1 -1 1 0 1 1 0 1 0 1 0 0 -1 1 1 1 1 0 1 0 0 0 0 0 0 1 -1 1 1 0 0 1 -1 1 1 1 1 -1 1 1 0 1 1 0 -1 1 1 1 1 0 1 1 1 1 1 1 1 1 1 -1 1 1 1
"55540" 0 0 0 0 0 0 1 1 -1 1 1 0 0 0 -1 0 0 1 1 0 0 0 0 0 0 1 0 0 0 0 0 0 1 0 0 0 -1 0 0 0 0 0 0 0 0 -1 1 0 0 0 1 1 -1 0 0 -1 0 1 1 -1 1 1 -1 -1 1 -1 -1 1 -1 -1 -1 1 -1 1 1 -1 1 1 1
"55543" 1 0 0 0 0 1 0 -1 1 1 -1 1 -1 1 1 -1 1 0 1 1 1 1 1 1 1 1 1 0 -1 0 1 1 1 1 1 1 1 1 1 1 1 1 -1 1 1 1 -1 1 -1 1 1 1 1 -1 1 0 0 1 0 0 0 0 0 1 1 -1 1 1 1 1 1 1 1 1 1 -1 1 1 1
"55544" 0 0 0 1 1 1 -1 -1 1 1 0 0 0 0 0 0 -1 0 0 -1 0 0 0 1 0 0 0 0 -1 -1 0 0 0 0 0 0 1 0 0 1 1 1 -1 1 1 0 0 0 0 0 0 0 0 -1 0 1 0 1 0 0 0 0 0 0 0 0 0 0 1 0 0 0 0 0 0 0 0 0 1
"55545" 1 0 0 1 1 1 1 1 1 1 -1 1 -1 1 1 -1 1 -1 1 1 1 1 1 1 1 1 1 1 -1 0 1 1 1 1 1 1 1 1 1 1 1 1 -1 1 1 1 -1 1 -1 1 1 1 1 -1 1 1 1 1 -1 1 -1 1 1 1 1 -1 1 1 1 1 1 1 1 1 1 -1 1 1 1
"55546" 1 1 1 1 0 1 1 1 1 1 0 1 -1 1 1 -1 1 0 1 1 0 1 1 1 0 1 1 1 0 -1 1 0 1 1 1 1 1 0 1 1 1 1 -1 1 1 1 -1 1 -1 1 1 1 1 -1 1 1 0 1 -1 1 -1 1 1 1 1 -1 1 1 1 0 1 1 0 0 1 -1 1 1 1
"55550" 0 1 0 0 0 0 0 1 1 1 1 0 0 0 0 0 -1 0 1 -1 0 1 1 0 0 1 0 1 0 -1 -1 -1 1 0 0 1 1 1 0 1 1 1 0 1 0 0 0 0 0 1 -1 1 1 0 0 1 1 1 1 0 1 -1 1 0 0 1 0 1 1 -1 -1 1 1 1 -1 1 -1 1 1
"55552" 0 0 0 0 1 0 0 1 1 1 0 0 0 0 -1 1 -1 0 1 -1 0 0 0 0 0 1 0 1 0 0 0 0 0 0 0 0 0 0 0 1 0 1 0 0 0 0 0 0 0 0 0 0 0 0 0 0 0 0 0 0 0 0 0 0 0 0 0 0 0 0 0 0 0 0 0 0 0 0 0
"55553" 0 0 0 0 0 0 0 0 0 0 0 0 0 0 0 0 1 0 0 0 0 0 0 0 0 0 0 0 -1 0 0 0 0 1 1 0 1 0 1 0 1 1 -1 1 1 0 0 0 0 0 0 0 0 0 0 0 0 0 1 0 0 1 1 1 1 -1 1 1 1 0 0 0 1 1 1 -1 1 1 0
"55554" 0 0 0 0 0 0 1 1 1 1 1 0 1 -1 -1 1 0 0 1 0 0 0 0 0 -1 0 0 0 0 0 -1 0 0 0 0 -1 0 0 0 -1 0 0 0 0 0 0 0 0 1 -1 0 0 -1 1 -1 0 0 0 0 -1 0 0 -1 0 0 0 0 0 -1 0 0 1 0 0 1 0 1 1 1
"55555" 1 1 1 1 1 0 1 1 1 1 -1 1 -1 1 1 -1 0 -1 1 0 1 1 1 1 1 1 1 1 -1 1 1 1 1 1 1 0 1 1 1 0 1 1 -1 1 0 1 -1 0 0 0 1 1 1 -1 1 1 0 1 1 1 -1 1 1 1 1 -1 1 1 1 1 1 1 1 0 1 -1 1 1 0
"55556" 1 1 1 1 1 1 1 1 1 1 -1 1 -1 1 1 -1 1 -1 1 1 1 1 1 1 1 1 1 1 -1 1 1 1 1 1 1 1 1 1 1 1 1 1 -1 1 1 1 -1 1 -1 1 1 1 1 -1 1 1 1 1 -1 1 -1 1 1 1 1 -1 1 1 1 1 1 1 1 1 1 -1 1 1 1
"55557" 1 1 1 1 1 1 1 1 1 1 -1 1 -1 1 1 -1 1 -1 1 1 1 1 1 1 1 1 1 1 -1 1 1 1 1 0 0 1 0 0 1 1 1 1 -1 0 0 1 -1 1 -1 1 0 1 1 -1 0 1 0 1 0 0 0 0 0 0 0 0 0 0 1 0 0 0 0 1 0 0 0 0 0
"55558" 1 0 0 0 0 1 0 0 0 0 0 1 -1 1 1 -1 0 0 0 0 0 0 0 1 0 0 1 1 -1 1 1 1 1 0 1 1 1 0 1 1 1 1 -1 1 1 1 -1 1 -1 1 1 1 1 -1 1 1 0 0 1 0 0 1 1 1 1 -1 1 1 1 1 1 1 1 1 1 -1 1 1 0
"55559" 0 0 0 0 0 0 0 0 0 0 0 0 0 0 0 0 0 0 0 0 0 0 0 0 0 0 0 0 0 0 0 0 0 0 0 0 0 0 0 0 0 0 0 0 0 0 0 0 0 0 1 0 0 0 0 0 0 0 -1 1 -1 1 1 1 1 -1 1 1 1 0 0 1 1 1 1 -1 1 1 0
"55560" 0 0 0 0 0 0 0 0 0 0 0 0 0 0 0 0 0 0 1 0 1 0 0 0 0 0 0 0 0 0 0 0 0 0 0 0 0 0 0 0 0 0 0 0 0 0 0 0 0 0 0 0 0 0 0 0 0 0 0 0 0 0 0 0 0 0 0 0 0 0 0 0 0 0 0 0 0 0 0
"55561" 0 0 0 1 1 1 -1 -1 1 1 0 0 0 0 0 0 -1 1 0 -1 1 0 0 1 0 0 1 1 -1 0 1 1 0 0 1 1 1 0 1 1 1 1 -1 1 1 0 0 1 -1 1 1 1 1 -1 0 1 0 1 1 0 0 1 1 1 1 -1 1 1 1 0 0 1 1 0 1 -1 1 0 1
"55562" 1 1 1 0 1 1 0 0 0 0 0 1 -1 1 1 -1 1 0 1 1 0 1 1 1 1 1 1 1 -1 -1 0 1 0 0 1 1 1 0 1 1 1 1 -1 0 1 0 0 1 -1 1 0 1 1 -1 1 1 0 1 1 0 0 0 0 0 1 -1 1 1 0 0 0 1 0 1 0 0 1 1 1
"55563" 0 0 0 0 0 0 0 0 0 0 0 0 0 0 0 0 0 0 0 0 0 0 0 0 0 0 0 0 0 0 1 1 1 0 1 1 0 0 0 0 0 0 0 0 0 0 0 1 -1 1 1 1 1 -1 1 1 1 1 1 1 -1 1 1 1 1 -1 1 1 1 1 1 1 1 1 1 -1 1 1 1
"55564" 1 0 0 0 0 0 0 -1 0 0 0 1 -1 1 1 -1 1 -1 1 1 0 1 1 1 1 1 0 0 -1 0 1 1 1 1 1 1 1 0 1 1 1 1 -1 1 1 1 -1 1 -1 1 1 1 1 -1 0 1 1 1 -1 1 -1 1 1 1 1 -1 1 1 1 1 1 0 1 1 1 -1 1 1 0
"55566" 1 1 0 1 1 1 1 -1 1 1 -1 1 -1 1 1 -1 1 0 1 1 1 0 0 1 1 1 1 1 0 0 1 1 1 0 1 1 0 0 1 0 1 0 0 0 0 1 -1 1 -1 1 0 1 1 -1 1 1 0 1 0 1 0 0 0 1 1 0 1 1 0 0 0 1 0 1 0 0 0 0 1
"55567" 0 0 0 0 0 0 1 1 -1 1 1 0 0 -1 -1 1 1 0 0 -1 0 1 0 -1 0 1 0 0 1 0 0 0 0 0 0 0 0 0 0 0 0 -1 1 -1 -1 0 0 0 1 0 0 0 -1 1 -1 -1 0 1 1 0 1 1 -1 -1 1 -1 -1 -1 -1 -1 -1 1 -1 1 1 -1 1 1 1
"55573" 1 1 1 1 1 1 1 1 1 1 -1 1 -1 1 1 -1 1 -1 1 1 1 1 0 1 1 1 1 1 -1 1 1 1 1 1 1 1 1 1 1 1 1 1 -1 1 1 1 -1 1 -1 1 1 1 1 -1 1 1 1 1 -1 1 -1 1 1 1 1 -1 1 1 1 1 1 1 1 0 1 -1 1 1 1
"55575" 1 0 1 1 0 0 -1 -1 1 1 -1 1 -1 1 0 0 0 -1 1 1 1 1 1 0 1 1 1 0 0 1 0 1 0 1 0 0 0 1 0 0 1 0 -1 1 0 0 0 0 0 0 0 1 1 0 0 1 0 1 0 0 0 0 1 0 1 1 -1 1 1 1 1 1 1 0 1 -1 1 1 1
"55576" 0 0 0 0 0 0 0 -1 1 1 1 0 0 0 0 0 -1 0 1 -1 0 0 0 0 0 0 0 0 0 0 0 0 0 0 0 0 0 0 0 0 0 0 0 0 0 0 0 0 0 0 0 0 0 0 0 0 0 0 0 0 0 0 0 0 0 0 0 0 0 0 0 0 0 0 0 0 0 0 0
"55577" 0 0 0 0 0 0 1 1 0 1 1 0 0 0 0 0 1 1 1 0 0 0 0 0 0 1 0 0 1 -1 0 0 1 1 0 0 1 0 0 0 1 -1 1 1 1 1 1 0 1 0 1 1 0 1 0 -1 0 1 1 0 -1 1 1 1 1 -1 1 1 1 -1 -1 1 1 1 1 -1 1 0 1
"55578" 0 0 0 0 0 0 0 0 0 1 1 0 0 0 -1 1 -1 1 1 -1 0 0 0 -1 0 1 0 0 1 0 0 0 0 0 0 0 0 0 0 0 1 -1 0 0 0 -1 1 0 1 0 0 0 -1 1 0 -1 0 1 0 0 0 0 0 -1 1 -1 0 1 0 0 0 0 0 1 0 0 1 1 1
"55579" 0 0 0 0 0 0 0 1 1 1 -1 0 0 0 0 0 1 -1 0 1 1 1 1 0 0 0 0 0 0 0 0 0 0 0 0 0 0 0 0 0 0 0 0 0 0 0 0 0 0 0 0 0 0 0 0 0 0 0 0 0 0 0 0 0 0 0 0 0 0 0 0 0 0 0 0 0 0 0 0
"55580" 1 1 1 1 1 1 0 1 1 1 -1 1 -1 1 1 -1 1 -1 1 1 1 1 1 1 1 1 1 1 -1 1 1 1 1 1 1 1 0 1 0 1 1 0 -1 1 1 1 -1 1 -1 1 1 1 1 -1 1 1 1 1 0 0 0 0 0 1 1 -1 1 1 1 1 1 1 1 1 1 -1 1 1 1
"55584" 0 0 0 0 0 0 0 0 0 0 0 0 0 0 0 0 0 0 0 0 0 0 0 0 0 0 0 0 -1 -1 0 1 1 0 1 0 0 0 0 0 0 1 -1 1 0 0 0 0 0 1 1 1 1 -1 1 1 1 1 -1 0 -1 1 1 1 1 -1 1 1 0 1 1 1 1 1 1 0 1 1 1
"55585" 1 1 1 1 1 1 1 1 1 1 -1 1 -1 1 1 -1 1 -1 1 1 1 1 1 1 1 1 1 1 -1 1 1 1 1 1 1 1 1 1 1 1 1 1 -1 1 1 1 -1 1 -1 1 1 1 1 -1 1 1 1 1 -1 1 -1 1 1 1 1 -1 1 1 1 1 1 1 1 1 1 -1 1 1 1
"55586" 1 1 1 1 1 1 0 0 0 0 0 1 -1 1 1 -1 0 0 0 0 0 0 0 1 1 1 1 0 -1 1 1 1 1 1 1 1 1 1 0 1 1 1 -1 1 1 1 -1 1 -1 1 1 1 1 -1 1 1 1 1 -1 1 -1 1 1 1 1 -1 1 1 1 1 1 1 1 1 1 -1 1 1 1
"55587" 1 0 1 1 1 1 1 1 1 1 -1 1 -1 1 1 -1 1 0 1 1 0 0 0 1 1 1 1 1 -1 0 1 1 1 1 1 0 1 1 1 1 0 1 -1 1 1 1 -1 0 0 0 1 1 1 -1 1 1 0 1 -1 1 -1 1 1 1 1 -1 1 1 0 1 0 1 1 1 1 -1 1 1 1
"55588" 1 0 0 0 0 0 0 0 0 0 0 1 -1 1 1 -1 0 0 1 0 0 1 1 0 0 1 0 1 -1 0 1 1 1 0 1 1 1 0 1 1 1 1 -1 1 1 1 -1 1 -1 1 1 1 1 -1 1 1 1 1 1 0 1 1 1 1 1 -1 1 1 1 1 1 1 1 1 1 -1 1 1 1
"55589" 1 1 1 1 1 1 -1 -1 1 1 -1 1 -1 1 1 -1 1 -1 1 1 1 1 1 1 1 1 1 1 -1 0 1 1 0 0 1 1 0 0 0 1 0 1 -1 1 1 1 -1 1 -1 1 0 1 1 -1 1 1 1 1 1 0 -1 1 1 1 1 -1 1 1 1 1 1 1 1 1 1 -1 1 1 1
"55590" 0 0 0 0 0 0 1 1 1 1 1 0 0 0 0 0 1 0 1 -1 0 0 0 0 0 0 0 0 0 0 0 0 0 0 0 0 0 0 0 0 0 0 0 0 0 0 0 0 0 0 0 0 0 0 0 0 0 0 0 0 0 0 0 0 0 0 0 0 0 0 0 0 0 0 0 0 0 0 0
"55591" 0 0 0 0 0 0 0 0 0 0 0 0 0 0 0 0 1 0 1 -1 1 0 0 0 0 0 0 0 0 0 0 0 0 0 0 0 0 0 0 0 0 0 0 0 0 0 0 0 0 0 0 0 0 0 0 0 0 0 0 0 0 0 0 0 0 0 0 0 0 0 0 0 0 0 0 0 0 0 0
"55592" 1 1 1 1 1 1 1 1 0 1 -1 1 -1 1 1 -1 1 -1 1 1 1 1 1 1 0 1 1 0 -1 0 1 1 1 1 1 1 1 1 1 1 1 1 -1 1 1 1 -1 1 -1 1 1 1 1 -1 1 1 0 1 0 1 -1 1 1 1 1 -1 1 1 1 1 1 1 1 1 1 -1 1 1 1
"55593" -1 -1 -1 0 0 -1 0 0 0 0 0 -1 1 -1 0 0 1 1 0 -1 0 1 0 -1 0 1 -1 0 1 -1 -1 0 0 0 0 0 -1 0 0 -1 1 -1 1 -1 -1 -1 1 0 0 0 1 0 -1 1 -1 -1 1 1 1 -1 -1 1 -1 -1 1 0 0 1 -1 1 1 1 -1 1 0 0 0 1 1
"55594" 0 0 0 0 1 1 0 0 0 0 0 0 0 0 1 -1 0 -1 0 0 0 0 0 0 0 1 1 0 -1 0 0 1 1 0 1 0 1 0 0 1 1 1 -1 1 1 1 -1 0 0 0 1 1 1 -1 0 1 0 1 1 0 0 1 1 1 1 -1 1 1 1 0 0 1 1 1 1 -1 1 1 1
"55595" 1 1 0 1 1 1 1 1 1 1 -1 1 -1 1 1 -1 1 -1 0 1 1 1 1 1 1 1 1 1 -1 1 1 1 1 1 1 1 1 1 1 1 1 1 -1 0 1 1 -1 1 -1 1 1 1 1 -1 1 1 0 1 0 1 -1 1 1 1 1 -1 1 1 1 1 1 1 1 1 1 -1 1 1 1
"55597" 1 1 1 1 0 1 1 1 1 1 -1 1 -1 1 1 -1 -1 -1 1 0 1 1 1 1 1 1 1 1 -1 1 0 1 1 1 1 1 1 0 1 0 0 1 -1 1 1 0 0 1 -1 1 0 1 1 0 1 1 1 1 0 0 0 0 0 1 1 -1 1 1 1 0 0 1 0 0 0 0 0 0 0
"55598" -1 0 0 0 0 0 1 1 -1 1 1 -1 1 -1 -1 1 1 1 1 -1 0 0 0 -1 0 1 0 0 0 0 -1 0 0 0 0 0 -1 0 0 0 -1 0 0 -1 -1 0 1 0 0 0 1 0 0 0 -1 -1 0 0 1 0 1 0 -1 -1 1 1 -1 -1 -1 -1 -1 1 -1 1 1 1 1 1 1
"55599" 1 1 1 1 1 0 -1 0 1 1 -1 1 -1 1 1 -1 0 -1 1 0 0 1 1 1 0 0 0 0 -1 0 1 1 0 0 1 0 0 0 0 1 0 1 -1 1 1 1 0 0 0 0 0 1 1 -1 1 1 1 1 0 0 0 0 0 1 1 -1 1 1 1 1 1 1 1 0 1 -1 0 0 0
"55601" 1 0 1 1 1 1 1 1 1 1 -1 1 -1 1 1 -1 0 0 1 0 0 0 0 1 1 1 1 0 -1 1 0 0 0 0 1 1 1 0 1 0 1 1 -1 1 1 0 0 1 0 0 0 1 1 -1 1 0 0 0 1 0 1 1 0 1 1 -1 1 1 0 1 1 1 1 1 1 -1 1 1 1
"55603" 1 1 1 1 1 1 1 1 1 1 -1 1 -1 1 1 -1 1 -1 1 1 1 1 1 1 1 1 1 0 -1 1 1 0 0 0 1 0 0 1 0 1 1 1 -1 1 1 1 -1 1 -1 1 1 1 1 -1 1 1 0 1 -1 1 -1 1 1 1 1 -1 1 1 1 1 1 1 1 1 1 -1 1 1 0
"55604" 0 0 0 0 0 -1 0 0 0 0 0 0 0 0 0 0 1 1 1 -1 0 0 0 -1 0 1 0 0 1 -1 0 0 0 0 0 0 0 0 0 -1 0 -1 0 0 -1 -1 0 0 0 0 1 0 -1 0 0 -1 0 0 1 0 1 -1 -1 0 0 0 0 0 0 0 0 1 0 0 1 -1 1 1 1
"55605" 1 1 1 1 1 1 1 1 1 1 -1 1 -1 1 1 -1 1 -1 1 1 1 1 1 1 0 1 1 1 -1 1 1 1 1 1 1 1 1 1 1 1 1 1 -1 1 1 1 -1 1 -1 1 1 1 1 -1 1 1 1 1 -1 1 -1 1 1 1 1 -1 1 1 1 1 1 1 1 1 1 -1 1 1 1
"55606" 1 1 1 1 1 1 1 1 1 1 -1 1 -1 1 1 -1 0 -1 1 1 1 1 1 1 1 1 1 1 -1 1 1 1 1 1 1 1 1 1 1 1 1 1 -1 1 1 1 -1 1 -1 1 1 1 1 -1 1 1 1 1 -1 1 -1 1 1 1 1 -1 1 1 1 1 1 1 1 1 1 -1 1 1 1
"55607" 1 1 1 1 1 1 1 1 1 1 0 1 -1 1 1 -1 0 -1 1 0 0 0 0 0 0 1 1 1 -1 0 0 1 0 0 1 0 1 0 1 1 1 1 -1 1 1 1 -1 1 -1 1 1 1 1 -1 1 1 0 1 1 0 1 1 1 1 1 -1 1 1 0 1 1 0 1 1 1 -1 1 1 1
"55608" 0 0 0 0 0 0 0 0 0 0 0 0 0 0 1 1 -1 1 0 -1 0 1 0 0 0 0 0 0 0 0 0 0 1 0 0 -1 0 0 0 0 0 0 0 0 0 0 0 0 1 -1 0 -1 1 1 0 0 1 0 0 0 0 0 0 -1 1 -1 -1 -1 0 0 0 1 0 0 1 -1 1 1 -1
"55609" 1 1 1 1 1 1 1 1 1 1 -1 1 -1 1 1 -1 1 -1 1 1 1 1 1 0 0 1 1 1 -1 1 1 1 1 1 1 1 0 1 1 1 1 1 0 1 0 1 -1 1 -1 1 1 1 1 -1 1 1 0 1 -1 1 -1 1 1 1 1 -1 1 1 1 1 1 1 1 1 1 -1 1 1 1
"55610" 0 0 0 0 0 0 1 1 -1 1 1 0 0 0 0 0 1 1 1 -1 1 1 0 0 0 1 0 0 1 -1 0 0 0 0 0 0 -1 0 0 0 -1 -1 0 0 -1 0 0 0 1 -1 1 0 -1 0 0 -1 0 1 1 -1 -1 1 -1 -1 1 1 -1 -1 0 -1 -1 1 -1 1 1 -1 1 1 1
"55611" 0 0 0 0 1 0 -1 -1 1 -1 -1 -1 0 -1 -1 1 -1 0 1 -1 -1 1 1 -1 -1 0 0 0 0 -1 0 0 0 0 1 0 0 0 0 0 -1 -1 -1 0 0 0 0 0 0 0 -1 0 -1 0 1 0 0 1 -1 1 -1 -1 0 1 0 0 -1 -1 0 1 0 1 0 0 1 -1 1 1 -1
"55612" 1 0 0 0 0 0 0 0 0 0 0 1 -1 0 0 0 0 0 0 0 0 0 0 1 1 0 0 0 0 0 1 1 1 1 1 1 1 1 1 1 1 0 0 0 0 1 -1 1 -1 1 0 1 1 -1 0 0 1 1 0 0 0 0 0 0 0 0 0 0 0 0 0 0 0 0 0 0 0 0 0
"55613" 1 1 1 1 1 1 0 0 1 1 -1 1 -1 1 1 -1 1 -1 1 1 1 1 1 1 0 1 1 1 -1 0 1 1 0 0 1 1 0 0 0 1 0 1 -1 1 0 1 -1 1 -1 1 1 1 1 0 1 1 0 1 1 1 0 1 1 1 0 -1 1 1 1 1 1 0 1 1 1 -1 1 1 0
"55614" 1 0 0 0 0 0 0 0 0 0 0 1 -1 1 1 -1 0 0 0 0 0 0 0 1 0 1 0 0 -1 1 1 1 1 0 1 1 1 0 1 1 1 1 -1 1 1 1 -1 1 -1 1 1 1 1 -1 1 1 1 1 1 0 0 1 1 1 1 -1 1 1 1 1 1 0 1 1 1 -1 1 1 0
"55615" 0 0 0 0 0 0 0 0 0 0 0 0 0 0 0 0 0 0 0 0 0 0 0 0 0 1 0 0 0 0 -1 0 0 1 0 0 1 0 0 0 1 0 0 0 0 1 1 0 1 0 1 0 -1 1 0 -1 0 1 0 -1 -1 1 -1 -1 1 -1 1 1 0 -1 -1 1 1 1 1 -1 1 1 1
"55616" 0 0 0 0 0 0 0 0 0 0 0 0 0 0 0 0 0 0 0 0 0 0 0 0 0 0 0 0 0 0 0 0 0 0 0 0 0 0 0 0 0 0 0 0 0 0 0 0 0 0 1 0 0 0 0 0 0 0 -1 1 -1 1 1 0 0 0 0 0 0 1 1 0 1 1 1 -1 1 1 0
